INSERT 0 6

INSERT 0 9

 order_info_id | order_date | account_id
---------------+------------+------------
             1 | 2024-12-30 |          1
             2 | 2025-01-20 |          1
             3 | 2024-12-31 |          2
             4 | 2025-01-20 |          2
             5 | 2025-04-01 |          2
(5 行)

 id | order_id | item_id | quantity
----+----------+---------+----------
  1 |        1 |       2 |        2
  2 |        1 |       4 |        1
  3 |        1 |       7 |        2
  4 |        2 |       5 |        4
  5 |        2 |       6 |        5
  6 |        2 |       7 |        6
  7 |        3 |       3 |       10
  8 |        3 |       7 |        5
  9 |        3 |       2 |        5
 10 |        4 |       4 |       10
 11 |        4 |       7 |        1
 12 |        4 |       6 |        2
 13 |        5 |       8 |        5
 14 |        5 |       4 |        2
 15 |        5 |       1 |        2
(15 行)